10 9
0 1
(0,0) (2,4) (19,72)
(0,4) (2,0) (19,0)
1 0
(0,0) (16,48) (26,108)
(0,48) (16,0) (26,0)
2 0
(0,0) (8,12) (19,45)
(0,12) (8,0) (19,0)
3 0
(0,0) (2,1) (19,18)
(0,1) (2,0) (19,0)
4 0
(0,0) (2,10) (19,180)
(0,10) (2,0) (19,0)
5 0
(0,0) (2,4) (19,72)
(0,4) (2,0) (19,0)
6 0
(0,0) (12,24) (22,64)
(0,24) (12,0) (22,0)
7 0
(0,0) (18,9) (28,19)
(0,9) (18,0) (28,0)
8 0
(0,0) (16,56) (26,126)
(0,56) (16,0) (26,0)
9 0
(0,0) (6,12) (19,64)
(0,12) (6,0) (19,0)
0 1 STAR_FROM_CENTER
7 5 6 7
0 2 STAR_FROM_CENTER
1 9 10 10
3 0 STAR_TO_CENTER
7 9 7 4
4 0 STAR_TO_CENTER
6 6 8 3
5 0 STAR_TO_CENTER
5 5 7 9
0 6 CHAIN_FROM_CENTER
1 8 3 3
6 7 CHAIN_FROM_CENTER
10 5 4 8
8 7 CHAIN_TO_CENTER
6 9 6 3
9 8 CHAIN_TO_CENTER
3 9 5 10
